0000 270 10
1000 300 10
1010 350 10
1100 300 10
1110 270 8
1111 240 8
2000 330 10
2010 350 10
2011 270 9
2020 240 9
2100 240 6
2110 240 6
2111 240 6
2120 240 6
2121 240 5
2200 240 3
2210 240 3
2211 240 3
2220 225 3
2221 225 3
2222 240 2
3000 240 10
3010 240 10
3011 240 10
3020 270 8
3021 270 8
3022 240 10
3030 270 8
3100 240 2
3110 240 3
3111 240 3
3120 240 4
3121 240 3
3122 225 3
3130 240 3
3131 240 3
3200 240 2
3210 240 2
3211 230 2
3220 225 2
3221 240 1
3222 240 1
3230 240 2
3231 240 2
3232 240 1
3300 240 1
3310 240 1
3311 225 1
3320 225 1
3321 225 1
3322 240 1
3330 240 1
3331 240 1
3332 240 1
3333 225 1